.Random.seed <-
c(403L, 10L, 401632831L, -1128081978L, 1484681808L, -535785869L, 
1987003025L, -2007450944L, -1726473058L, 182866025L, 1245875355L, 
-2104343126L, -2103450164L, -1062811505L, -1475049275L, -440792964L, 
1360348370L, -1448174515L, -1700311801L, -815042322L, -1014505016L, 
-1065720117L, -155519191L, -52314248L, -1099832154L, -627153215L, 
170942291L, 1623645186L, -909088460L, 1202971319L, 239140525L, 
-538808380L, 2003294186L, 1829730389L, -1042979345L, 563826166L, 
1113635616L, 9426147L, -1162718847L, -1783846928L, 1975436942L, 
-1611781639L, -62577781L, 2001203130L, 222641852L, -1999579649L, 
-1707240619L, 1283351660L, 1304068290L, 1644716829L, 1376942487L, 
-271548162L, 477786808L, 1489415323L, -81200391L, -1754403768L, 
-965472394L, -1335207247L, 267352803L, -27641422L, -427922940L, 
53018951L, -1965052899L, 1373250196L, -1714812358L, 308446341L, 
-360367777L, -2048738842L, 1092192368L, -874374253L, 348687409L, 
-711425312L, -2055253122L, 721652233L, 628523579L, -7177206L, 
-1727896596L, -1099462545L, 1728079781L, 952364892L, -444026062L, 
397539885L, -636094233L, -31761906L, -1042642968L, 784849387L, 
826116745L, -1718279656L, 733677894L, -1299208287L, -801396173L, 
-944633950L, 805995156L, -826746601L, -139573491L, 867532324L, 
-795515382L, -1570349195L, -596890929L, -282186282L, -93691520L, 
-1298712125L, -1125683359L, 973624784L, -277363410L, 350074073L, 
1995362027L, 288811866L, -516748004L, 1092602911L, -1657737099L, 
-849744628L, 430424290L, 68471229L, 133860919L, -224058146L, 
-725344232L, -435806341L, 616513305L, -1581857880L, 383791958L, 
-457085999L, 1460010883L, -1617589742L, 1732001188L, -469268121L, 
83334845L, 2121547316L, 2124326298L, -126123547L, 269790591L, 
-1807399674L, -603496816L, -80947405L, 890807505L, -839917952L, 
-1797380258L, 378635433L, 1125906267L, -1231794838L, 785072140L, 
-452839345L, 1843540229L, -41514564L, -1469326190L, -734812275L, 
-1511022649L, 1902642350L, -1895422712L, -1696361717L, -931693079L, 
-118273352L, 846253414L, -128072191L, 442151059L, -2124657854L, 
400491764L, 1376055543L, 1616193773L, 690981764L, -1015249494L, 
-6186219L, -1214723665L, -743978570L, -2081345568L, 997670691L, 
-1197772735L, -1551684816L, -852205234L, 1219630009L, -41564725L, 
-841091462L, -1695564932L, -1430711361L, -1162986347L, 1308246700L, 
-2138054526L, 2050289757L, 519456599L, -1437894082L, 643239544L, 
-535351973L, 1142201529L, -1506151160L, -2031257674L, -1506206479L, 
-1348388061L, -1031815822L, 1548294084L, -1611336825L, 1584701789L, 
-217686188L, -1094048390L, -1030201147L, 2104304159L, 1244374438L, 
60229424L, 1533939155L, 1760852977L, 1753857312L, -1680172098L, 
-1215687735L, 896000891L, 45908298L, 1603407276L, 542849199L, 
-220462491L, 1454651932L, 1373484146L, 1270442733L, 1473607463L, 
-944327858L, 212745128L, 337592235L, 1074056393L, 1310711000L, 
-1594056314L, -1563920287L, -1430849037L, 1073227874L, -938156332L, 
-1369208873L, 1195988429L, -1066159772L, -135858870L, -354716491L, 
1852773391L, 2125688086L, 178952128L, 1852358466L, 373980928L, 
1098892220L, 927484752L, 1946652450L, 524404040L, -1573263860L, 
-579866532L, 912423122L, 1552852480L, -2073646764L, 1387296232L, 
-1821420550L, 993885392L, 1318644012L, 351147764L, -1449970286L, 
903536736L, -1582078708L, 182620896L, -1270426270L, 1981369000L, 
-779521460L, 1664249212L, 920703282L, -514614160L, -1515166908L, 
-1386522152L, 955329658L, 538648112L, 16102076L, -1598993580L, 
-546504638L, -468465248L, 1270757052L, -1685899824L, -583447198L, 
1533329384L, 1126043596L, 1960647420L, -1083175438L, -584842112L, 
1909293300L, 950690440L, -1738431686L, -675168432L, 612758124L, 
-934315884L, 1606705490L, 983623392L, 1779908300L, -284032864L, 
-1414019198L, 763045608L, -531357972L, 323878972L, 132066930L, 
818060400L, -487685596L, -237883336L, -1679042534L, -331426096L, 
-864003012L, -1551825772L, -870700926L, 1338806208L, 280480060L, 
1372425872L, 2112522274L, 571803656L, -73089908L, -1018473444L, 
7668370L, 2003128448L, -638295020L, 1813823784L, 1263827514L, 
-2085579568L, -1807729556L, -755376460L, -1584322542L, 1610559456L, 
-518755380L, -1004829216L, 1331788322L, 1506669864L, 1763896588L, 
563775036L, -1150576398L, 708298480L, 94314308L, 1209173592L, 
-56956358L, -1181987088L, -1296369476L, 311015956L, -1087046462L, 
287935584L, -1506366084L, 1378580688L, -350295006L, -2101647704L, 
-1559712884L, -459352644L, 1274618930L, -2049749184L, -459397964L, 
-1736925368L, -157330758L, 1575599888L, 385008876L, -2125820844L, 
381038354L, 1948090272L, -1669250100L, 1987582816L, 884868290L, 
1683783208L, 2146581932L, 553347900L, 1941559154L, 657407792L, 
1827018276L, 1080388664L, 755624154L, -1394475632L, 32545532L, 
43369364L, 2095390530L, 949495296L, -1747882436L, 1770902096L, 
533020322L, 2052647752L, -1159110132L, -1719625508L, 1877318226L, 
265500800L, 1557226324L, 706432488L, 894996218L, 1841597264L, 
-2038756308L, 66443636L, -808053102L, -1392378272L, -2034592116L, 
391534432L, -416324894L, 1674875048L, 558128332L, 2138911228L, 
593135538L, 1196239344L, 504731076L, -87428264L, 2022231930L, 
-1507121744L, -414270020L, 663694420L, -1762824254L, 565819168L, 
-1141423172L, -8454576L, -972998174L, 2053547368L, -979692212L, 
-1059103492L, -1580809486L, 76999424L, -112767372L, 1685339144L, 
-881899078L, -1258304560L, -794290708L, -1881645164L, 966905554L, 
265955936L, 1584911692L, 29012256L, 1748567682L, 1957021160L, 
-1774183444L, 1787558460L, -586586510L, 563600240L, 2073811236L, 
1640843832L, 2003454362L, 39284176L, -1553093188L, 309347476L, 
1503498370L, -1823664704L, 1833862972L, -841049968L, 2098195234L, 
-1071537656L, -850829044L, 2087610780L, 1293310482L, -1454309504L, 
1918341908L, -1235945176L, -1445740486L, -178195504L, 1545324140L, 
-1620889036L, 946329234L, 994618720L, 284418380L, -1690414112L, 
1011442082L, -1099292248L, -1479262580L, 291771836L, -923377038L, 
-1210872848L, -1672857020L, 1900240984L, 356832314L, 2132450416L, 
-115555268L, 394353940L, 1325515458L, -1697859872L, 2123496572L, 
-1263935983L, 260509443L, -800937468L, 534286898L, -580570489L, 
710362833L, 276721750L, -994848716L, -331746491L, 41877903L, 
1778018568L, 128463654L, 1823525843L, 191606069L, -410784622L, 
1639031904L, 2094793161L, 241088763L, 1118701260L, 2024848218L, 
216907343L, 1749924633L, 1132283182L, 1357430588L, -623903571L, 
-777638057L, 515416736L, -603100162L, -180254005L, 1726418125L, 
-298708998L, -1565957064L, 290964961L, -1127731565L, -1463927628L, 
-1093589566L, 1504196055L, 1356454433L, -1333261850L, 1401250020L, 
1549549589L, -258531265L, -1093390376L, 316871158L, 172356099L, 
-879647419L, -1442729630L, -1336075568L, -248056327L, 289242411L, 
-84566372L, -859566902L, 1875649983L, 1846180105L, 1523948062L, 
1945933772L, -964868707L, 971104295L, 553111120L, -1573537042L, 
2142135195L, -1483034115L, 110626026L, -337981560L, 821856561L, 
138312099L, -473289308L, 407769170L, -925514841L, 1508333553L, 
222524214L, -1997668396L, -276495003L, 1791322479L, 382882728L, 
194590982L, -1102260173L, -1357189483L, 733406962L, -1650968768L, 
1285825705L, 731535643L, 727375596L, -2021932294L, -2002351313L, 
1844187961L, -1378925234L, 180925340L, 827144461L, 701832055L, 
-471470208L, 1405664734L, 1004479147L, -754999891L, 1802154522L, 
2122024152L, 1875175745L, 1358369267L, 367638548L, 905641378L, 
2115435191L, -1980099455L, 1918723206L, -693346108L, -1447297547L, 
-1361598369L, 1683894968L, -1535030378L, 925587875L, 2107133285L, 
-1191285630L, -1653553680L, -709831783L, 1471845771L, 2064400508L, 
2028257962L, -1446699809L, 2091842153L, -371804034L, 2061418604L, 
-1348708163L, 1464920455L, -1626104464L, 71247886L, -504101573L, 
-2070435299L, -667193654L, 156387816L, -1096573231L, 2146630339L, 
1951560132L, 23729778L, -865974457L, 2137945873L, 1826974358L, 
-437776396L, -260359803L, 2013140175L, -161305144L, 1523205222L, 
-1841372525L, 1366690293L, 1900692434L, 1987205152L, 1454993929L, 
-1070527685L, 1035419276L, 241275674L, 1966822799L, 62630617L, 
